Date,Total Positive,New Positive,Total Deaths,New Deaths,Total Recovered,New Recovered,Total Active,Total Critical,Last Update
19-Apr-20,677,42,50,0,55,18,396,15,20-Apr-20
20-Apr-20,739,80,50,0,68,13,449,14,21-Apr-20
21-Apr-20,758,42,52,2,87,19,464,15,22-Apr-20
22-Apr-20,831,64,56,4,122,35,594,26,23-Apr-20
23-Apr-20,876,104,60,4,130,8,701,36,24-Apr-20
24-Apr-20,980,104,64,3,146,16,770,41,25-Apr-20
25-Apr-20,1070,90,69,4,159,13,842,45,26-Apr-20
26-Apr-20,1139,72,72,5,165,6,902,44,27-Apr-20
27-Apr-20,1217,78,75,3,176,11,966,49,28-Apr-20
28-Apr-20,1339,122,79,2,203,27,1057,15,29-Apr-20
29-Apr-20,1444,93,81,2,230,27,1057,15,30-Apr-20
30-Apr-20,1518,86,85,4,274,44,1159,14,01-May-20
01-May-20,1611,93,91,6,325,51,1159,14,02-May-20
02-May-20,1718,107,94,4,378,53,1246,11,03-May-20
03-May-20,1817,99,101,7,433,55,1283,17,04-May-20
04-May-20,1878,61,107,6,483,50,1288,20,05-May-20
05-May-20,1943,65,111,4,535,52,1297,20,06-May-20
06-May-20,2029,86,118,7,587,52,1324,18,07-May-20
07-May-20,2146,117,125,7,671,84,1350,11,08-May-20
08-May-20,2245,99,136,11,732,61,1377,12,09-May-20
09-May-20,2380,135,140,4,828,96,1414,12,10-May-20
10-May-20,2482,102,144,4,1020,194,1318,17,11-May-20
11-May-20,2573,91,149,5,1089,69,1318,17,12-May-20
12-May-20,2737,164,156,7,1209,120,1318,25,13-May-20
13-May-20,2824,87,163,7,1377,168,1284,32,14-May-20
14-May-20,2987,163,169,6,1486,109,1332,34,15-May-20
15-May-20,3093,106,174,5,1630,144,1289,33,16-May-20
16-May-20,3295,202,185,11,1698,68,1412,41,17-May-20
17-May-20,3496,201,194,9,1751,53,1551,45,18-May-20
18-May-20,3598,102,199,5,1800,49,1599,50,19-May-20
19-May-20,3747,149,207,8,1910,110,1630,43,20-May-20
20-May-20,3899,152,220,13,2023,113,1656,43,21-May-20
21-May-20,4107,208,227,7,2182,159,1698,43,22-May-20
22-May-20,4398,291,241,14,2371,189,1786,49,23-May-20
23-May-20,4603,205,248,7,2463,92,1892,42,24-May-20
24-May-20,4782,179,254,6,2550,77,1977,47,25-May-20
25-May-20,5181,399,264,10,2735,175,2182,44,26-May-20
26-May-20,5427,246,273,9,2875,140,2279,44,27-May-20
27-May-20,5533,106,283,10,3059,184,2190,50,28-May-20
28-May-20,5851,318,293,10,3264,205,2294,49,29-May-20
29-May-20,6093,242,301,8,3450,186,2340,49,30-May-20
30-May-20,6201,108,308,7,3644,194,2248,43,31-May-20
31-May-20,6472,271,314,6,3782,138,2376,42,01-Jun-20
01-Jun-20,6529,57,320,6,3950,168,2259,46,02-Jun-20
02-Jun-20,6795,266,344,24,4119,169,2331,35,03-Jun-20
03-Jun-20,7089,294,350,6,4348,229,2389,43,04-Jun-20
04-Jun-20,7265,176,361,11,4505,157,2399,40,05-Jun-20
05-Jun-20,7447,182,369,8,4675,170,2402,45,06-Jun-20
06-Jun-20,7722,275,372,3,4934,259,2413,45,07-Jun-20
07-Jun-20,7881,159,378,6,5019,85,2484,45,08-Jun-20
08-Jun-20,8062,181,391,13,5185,166,2486,43,09-Jun-20
09-Jun-20,8205,143,403,12,5304,119,2498,37,10-Jun-20
10-Jun-20,8509,304,406,3,5575,271,2528,43,11-Jun-20
11-Jun-20,8777,268,413,7,5782,207,2582,53,12-Jun-20
12-Jun-20,9082,305,425,12,5924,142,2733,49,13-Jun-20
13-Jun-20,9336,254,439,14,6087,163,2810,49,14-Jun-20
14-Jun-20,9656,320,448,9,6210,123,2998,45,15-Jun-20
15-Jun-20,9890,234,458,10,6446,236,2986,41,16-Jun-20
16-Jun-20,10183,293,469,11,6596,150,3118,41,17-Jun-20
17-Jun-20,10643,460,481,12,6713,117,3449,44,18-Jun-20
18-Jun-20,11115,472,487,6,6906,193,3722,49,19-Jun-20
19-Jun-20,11465,350,493,6,7063,157,3909,53,20-Jun-20
20-Jun-20,11854,389,504,11,7264,183,4086,53,21-Jun-20
21-Jun-20,12474,620,510,6,7435,171,4529,60,22-Jun-20
22-Jun-20,12686,212,518,8,7672,255,4496,55,23-Jun-20
23-Jun-20,13153,467,528,10,7945,273,4680,57,24-Jun-20
24-Jun-20,13654,501,545,17,8100,155,5009,57,25-Jun-20
25-Jun-20,14185,531,558,13,8302,202,5325,63,26-Jun-20
26-Jun-20,14780,595,572,14,8633,331,5575,67,27-Jun-20
27-Jun-20,15602,822,591,19,9119,486,5892,65,28-Jun-20
28-Jun-20,16125,523,613,22,9447,328,6065,54,29-Jun-20
29-Jun-20,16742,617,618,5,9929,482,6195,61,30-Jun-20
30-Jun-20,17228,486,643,25,10451,522,6134,59,01-Jul-20
01-Jul-20,18105,877,662,19,11040,589,6403,55,02-Jul-20
02-Jul-20,19042,937,676,14,11671,631,6695,56,03-Jul-20
03-Jul-20,19849,807,685,9,12290,619,6874,59,04-Jul-20
04-Jul-20,20668,819,703,18,12689,399,7276,56,05-Jul-20
05-Jul-20,21520,852,715,12,13109,420,7696,70,06-Jul-20
06-Jul-20,22381,861,730,15,13739,630,7912,64,07-Jul-20
07-Jul-20,23021,640,751,21,14411,672,7859,63,08-Jul-20
08-Jul-20,24168,1147,770,19,14998,587,8400,79,09-Jul-20
09-Jul-20,25174,1006,786,16,15579,581,8809,75,10-Jul-20
10-Jul-20,26077,903,800,14,16188,609,9089,75,11-Jul-20
11-Jul-20,26904,827,816,16,16996,808,9092,64,12-Jul-20
12-Jul-20,27525,621,840,24,17482,486,9203,172,13-Jul-20
13-Jul-20,28357,832,849,9,18096,614,9412,174,14-Jul-20
14-Jul-20,29107,750,874,25,18824,728,9409,198,15-Jul-20
15-Jul-20,30523,1416,889,15,19570,746,10064,76,16-Jul-20
16-Jul-20,31884,1812,906,17,20334,764,10644,80,17-Jul-20
17-Jul-20,34040,1705,917,11,21107,773,12016,82,18-Jul-20
18-Jul-20,35878,1838,935,18,21881,774,13062,89,19-Jul-20
19-Jul-20,37386,1508,976,41,22611,730,13799,94,20-Jul-20
20-Jul-20,39023,1817,1005,29,23441,830,14757,96,21-Jul-20
21-Jul-20,40175,1512,1035,30,24246,805,15434,99,22-Jul-20
22-Jul-20,42466,1751,1068,33,25129,883,16269,94,23-Jul-20
23-Jul-20,44065,1599,1104,36,25908,779,17053,82,24-Jul-20
24-Jul-20,45544,1479,1133,29,26725,817,17686,102,25-Jul-20
25-Jul-20,47065,1521,1153,20,27418,693,18494,115,26-Jul-20
26-Jul-20,48057,992,1166,13,28593,1175,18298,105,27-Jul-20
27-Jul-20,49217,1160,1182,16,29489,896,18546,97,28-Jul-20
28-Jul-20,50430,1213,1215,33,30080,591,19135,98,29-Jul-20
29-Jul-20,51738,1308,1254,39,32623,2543,17861,432,30-Jul-20
30-Jul-20,53437,1699,1284,30,33938,1315,18215,471,31-Jul-20
31-Jul-20,54255,818,1312,28,35123,1185,17820,376,01-Aug-20
01-Aug-20,55761,1506,1335,23,36914,1791,17512,389,02-Aug-20
02-Aug-20,57523,1762,1366,31,38117,1203,18040,392,03-Aug-20
03-Aug-20,58304,781,1384,18,39939,1822,16981,389,04-Aug-20
04-Aug-20,59496,1192,1412,28,41251,1312,16833,404,05-Aug-20
05-Aug-20,60597,1101,1429,17,42410,1159,16758,425,06-Aug-20
06-Aug-20,62037,1440,1456,27,43606,1196,16975,425,07-Aug-20
07-Aug-20,63286,1249,1479,23,44774,1168,17033,439,08-Aug-20
08-Aug-20,64576,1290,1516,37,46735,1961,16325,443,09-Aug-20
09-Aug-20,65966,1390,1540,24,48614,1879,15812,448,10-Aug-20
10-Aug-20,66727,761,1571,31,50113,1499,15043,444,11-Aug-20
11-Aug-20,67651,924,1593,22,51353,1240,14705,443,12-Aug-20
12-Aug-20,69235,1584,1621,28,52802,1449,14812,445,13-Aug-20
13-Aug-20,70326,1091,1656,35,53958,1156,14712,448,14-Aug-20
14-Aug-20,71503,1177,1683,27,55100,1142,14720,467,15-Aug-20
15-Aug-20,72576,1073,1710,27,56245,1145,14621,466,16-Aug-20
16-Aug-20,74098,1522,1739,29,57657,1412,14702,462,17-Aug-20
17-Aug-20,74933,835,1785,46,58706,1049,14442,464,18-Aug-20
18-Aug-20,76157,1224,1814,29,59874,1168,14469,463,19-Aug-20
19-Aug-20,77368,1211,1849,35,60963,1089,14556,483,20-Aug-20
20-Aug-20,79037,1669,1882,33,62349,1386,14806,486,21-Aug-20
21-Aug-20,80593,1556,1917,35,63919,1570,14757,486,22-Aug-20
22-Aug-20,82170,1577,1950,33,65346,1427,14874,488,23-Aug-20
23-Aug-20,83395,1225,1988,38,66589,1243,14818,493,24-Aug-20
24-Aug-20,84496,1101,2033,45,67777,1188,14686,487,25-Aug-20
25-Aug-20,85700,1204,2077,44,68900,1123,14723,483,26-Aug-20
26-Aug-20,87317,1617,2108,31,70269,1369,14940,492,27-Aug-20
27-Aug-20,89090,1773,2146,38,71949,1680,14995,496,28-Aug-20
28-Aug-20,90871,1781,2168,40,73527,1578,15158,498,29-Aug-20
29-Aug-20,92839,1968,2232,46,75184,1657,15423,506,30-Aug-20
30-Aug-20,94497,1658,2267,35,76686,1502,15544,507,31-Aug-20
31-Aug-20,95373,876,2304,37,78070,1384,14999,527,01-Sep-20
01-Sep-20,97068,1695,2332,28,79489,1419,15247,527,02-Sep-20
02-Sep-20,98695,1627,2375,43,80897,1408,15423,530,03-Sep-20
03-Sep-20,100459,1764,2401,26,82085,1188,15973,530,04-Sep-20
04-Sep-20,102076,1617,2431,30,83915,1830,15730,529,05-Sep-20
05-Sep-20,103812,1736,2468,37,85371,1456,15973,529,06-Sep-20
06-Sep-20,105905,2093,2512,44,86940,1569,16453,478,07-Sep-20
07-Sep-20,107958,2053,2549,37,88579,1639,16830,480,08-Sep-20
08-Sep-20,109838,1880,2584,35,90601,2022,16653,480,09-Sep-20
09-Sep-20,111916,2078,2625,41,92614,2013,16677,483,10-Sep-20
10-Sep-20,113832,1916,2668,43,94452,1838,16712,485,11-Sep-20
11-Sep-20,115770,1938,2706,38,96025,1573,17039,470,12-Sep-20
12-Sep-20,117679,1909,2748,42,97489,1464,17442,470,13-Sep-20
13-Sep-20,119657,1978,2793,45,99076,1587,17788,440,14-Sep-20
14-Sep-20,120757,1100,2832,39,100532,1456,17393,479,15-Sep-20
15-Sep-20,122448,1691,2875,43,102095,1563,17478,473,16-Sep-20
16-Sep-20,124568,2120,2918,43,103978,1883,17672,480,17-Sep-20
17-Sep-20,126532,1964,2963,45,106197,2219,17372,479,18-Sep-20
18-Sep-20,128423,1891,3007,44,108123,1926,17293,479,19-Sep-20
19-Sep-20,130081,1658,3046,39,109371,1248,17664,479,20-Sep-20
20-Sep-20,131781,1700,3084,38,110916,1545,17781,479,21-Sep-20
21-Sep-20,132665,884,3121,37,112172,1256,17372,479,22-Sep-20
22-Sep-20,134029,1364,3167,46,113786,1614,17076,479,23-Sep-20
23-Sep-20,135818,1789,3213,46,115298,1512,17307,479,24-Sep-20
24-Sep-20,137330,1512,3255,42,116626,1328,17449,479,25-Sep-20
25-Sep-20,138951,1621,3296,41,117882,1256,17773,479,26-Sep-20
26-Sep-20,140588,1637,3332,36,119577,1695,17679,514,27-Sep-20
27-Sep-20,142136,1548,3373,41,121176,1599,17587,520,28-Sep-20
28-Sep-20,142915,779,3406,33,122281,1105,17228,520,29-Sep-20
29-Sep-20,143955,1040,3446,40,123829,1548,16680,519,30-Sep-20
30-Sep-20,145291,1336,3486,40,125260,1431,16545,516,01-Oct-20
01-Oct-20,146327,1036,3528,42,126430,1170,16369,512,02-Oct-20
02-Oct-20,147351,1024,3571,43,127639,1209,16141,508,03-Oct-20
03-Oct-20,148406,1055,3609,38,128925,1286,15872,505,04-Oct-20
04-Oct-20,149399,993,3647,38,130353,1428,15399,504,05-Oct-20
05-Oct-20,149790,391,3679,32,131270,917,14841,507,06-Oct-20
06-Oct-20,150433,643,3709,30,132540,1270,14184,507,07-Oct-20
07-Oct-20,151402,969,3731,22,133600,1060,14071,493,08-Oct-20
08-Oct-20,152200,798,3763,32,134405,805,14032,496,09-Oct-20
09-Oct-20,152897,697,3786,23,135375,970,13736,493,10-Oct-20
10-Oct-20,153600,703,3808,22,136492,1117,13300,437,11-Oct-20
11-Oct-20,154230,630,3830,22,137502,1010,12898,453,12-Oct-20
12-Oct-20,154581,351,3844,14,138452,950,12285,456,13-Oct-20
13-Oct-20,155067,486,3871,27,139450,998,11746,450,14-Oct-20
14-Oct-20,155595,528,3899,28,140863,1413,10833,453,15-Oct-20
15-Oct-20,156144,549,3920,21,141688,825,10536,453,16-Oct-20
16-Oct-20,156633,489,3941,21,142369,681,10323,453,17-Oct-20
